6785.0
6802.0
6925.0
6932.0
6935.0
6937.0
6939.0
6940.0
6951.0
8882.0
9138.0
9146.0
9149.0
9150.0
18490.0
18536.0
18576.0
18594.0
18596.0
18598.0
18599.0
18601.0
18602.0
18603.0
18603.0
18604.0
18606.0
18607.0
18608.0
18609.0
18609.0
18610.0
18612.0
18616.0
18619.0
18619.0
18620.0
18623.0
18623.0
18625.0
18626.0
19376.0
19398.0
19400.0
19402.0
19405.0
19406.0
19409.0
19411.0
19411.0
19414.0
19418.0
19421.0
23624.0
23791.0
23811.0
26576.0
26944.0
26961.0
27050.0
27083.0
27086.0
27110.0
27110.0
27407.0
27408.0
29326.0
29482.0
29489.0
51446.0
51450.0
51450.0
51456.0
51456.0
51458.0
51459.0
51463.0
51464.0
51464.0
51464.0
51466.0
51467.0
51467.0
51467.0
51469.0
51470.0
51475.0
51475.0
51477.0
51478.0
51478.0
51484.0
51487.0
51488.0
51493.0
51493.0
51496.0
51503.0
51505.0
51506.0
51507.0
51580.0
51584.0
51612.0
51615.0
51615.0
51618.0
51618.0
51621.0
51621.0
51623.0
51624.0
51624.0
51625.0
51627.0
51628.0
51628.0
51628.0
51628.0
51628.0
51628.0
51629.0
51629.0
51629.0
51629.0
51630.0
51630.0
51631.0
51631.0
51631.0
51631.0
51632.0
51632.0
51632.0
51632.0
51632.0
51632.0
51632.0
51632.0
51633.0
51633.0
51633.0
51633.0
51634.0
51634.0
51634.0
51634.0
51635.0
51635.0
51635.0
51635.0
51636.0
51636.0
51637.0
51637.0
51637.0
51637.0
51637.0
51637.0
51638.0
51638.0
51638.0
51639.0
51639.0
51640.0
51640.0
51640.0
51640.0
51640.0
51641.0
51641.0
51641.0
51641.0
51641.0
51642.0
51642.0
51642.0
51642.0
51642.0
51642.0
51642.0
51642.0
51642.0
51643.0
51643.0
51643.0
51643.0
51643.0
51643.0
51643.0
51643.0
51643.0
51643.0
51643.0
51644.0
51644.0
51644.0
51644.0
51645.0
51645.0
51645.0
51645.0
51645.0
51645.0
51645.0
51645.0
51646.0
51646.0
51646.0
51646.0
51646.0
51646.0
51647.0
51647.0
51647.0
51647.0
51647.0
51648.0
51648.0
51648.0
51648.0
51648.0
51648.0
51648.0
51648.0
51648.0
51649.0
51649.0
51649.0
51649.0
51649.0
51650.0
51650.0
51650.0
51650.0
51650.0
51651.0
51651.0
51651.0
51651.0
51651.0
51651.0
51651.0
51651.0
51651.0
51652.0
51652.0
51652.0
51652.0
51652.0
51652.0
51652.0
51652.0
51653.0
51653.0
51653.0
51653.0
51654.0
51654.0
51654.0
51655.0
51655.0
51655.0
51655.0
51656.0
51656.0
51656.0
51656.0
51657.0
51657.0
51657.0
51657.0
51659.0
51660.0
51660.0
51660.0
51660.0
51661.0
51662.0
51663.0
51664.0
51664.0
51665.0
51667.0
51667.0
51667.0
51668.0
51668.0
51668.0
51669.0
51670.0
51671.0
51671.0
51673.0
51675.0
51676.0
51678.0
51679.0
51681.0
51683.0
51685.0
67384.0
67743.0
67751.0
67757.0
67761.0
67765.0
67771.0
67771.0
85634.0
85976.0
86480.0
86494.0
86497.0
86501.0
86506.0
86540.0
86580.0
86586.0
86586.0
86590.0
86590.0
86596.0
86631.0
86660.0
86667.0
86668.0
86668.0
86671.0
86680.0
86706.0
90161.0
90161.0
90191.0
90203.0
95406.0
97221.0
98625.0
98769.0
98800.0
98819.0
98978.0
99005.0
102699.0
103205.0
103214.0
103216.0
103245.0
103266.0
103473.0
103483.0
103487.0
103490.0
103505.0
103535.0
103571.0
103571.0
103581.0
103591.0
103596.0
103601.0
103604.0
103604.0
103605.0
103621.0
103646.0
103748.0
103968.0
103975.0
103975.0
103978.0
103979.0
103981.0
103986.0
103987.0
103987.0
103988.0
103989.0
103991.0
103994.0
103995.0
104000.0
104001.0
104007.0
104015.0
104270.0
104295.0
104319.0
104401.0
104405.0
104418.0
104440.0
104441.0
123836.0
134429.0
134641.0
134737.0
134746.0
134750.0
134750.0
134751.0
134752.0
134759.0
134759.0
134760.0
134760.0
134761.0
134761.0
134762.0
134762.0
134763.0
134764.0
134765.0
134765.0
134766.0
134767.0
134767.0
134767.0
134768.0
134769.0
134769.0
134769.0
134770.0
134771.0
134771.0
134771.0
134772.0
134774.0
134775.0
134776.0
134776.0
134778.0
134778.0
134779.0
134779.0
134780.0
134782.0
134782.0
134782.0
134782.0
134782.0
134783.0
134783.0
134784.0
134785.0
134785.0
134785.0
134786.0
134786.0
134787.0
134787.0
134787.0
134790.0
134791.0
134792.0
134792.0
134793.0
134794.0
134794.0
134795.0
134796.0
134796.0
134798.0
134799.0
134799.0
134800.0
134802.0
134804.0
134805.0
134805.0
134805.0
134806.0
134807.0
134807.0
134809.0
134809.0
134811.0
134812.0
134813.0
134813.0
134816.0
134823.0
134823.0
134824.0
134829.0
134830.0
134838.0
134839.0
135543.0
135995.0
136002.0
136110.0
136135.0
136159.0
136161.0
136169.0
136214.0
136220.0
136327.0
136336.0
136337.0
136339.0
136352.0
136770.0
136789.0
136794.0
136802.0
136819.0
136820.0
136838.0
136839.0
136839.0
136842.0
136843.0
136844.0
136848.0
136850.0
136855.0
136855.0
136856.0
136856.0
136857.0
136857.0
136859.0
136860.0
136861.0
136862.0
136862.0
136863.0
136863.0
136864.0
136864.0
136865.0
136865.0
136865.0
136865.0
136865.0
136866.0
136866.0
136868.0
136868.0
136868.0
136869.0
136869.0
136870.0
136871.0
136871.0
136871.0
136872.0
136873.0
136873.0
136873.0
136873.0
136873.0
136874.0
136875.0
136875.0
136875.0
136875.0
136875.0
136876.0
136876.0
136876.0
136876.0
136876.0
136876.0
136877.0
136877.0
136877.0
136877.0
136878.0
136878.0
136878.0
136879.0
136879.0
136879.0
136879.0
136879.0
136879.0
136880.0
136880.0
136880.0
136880.0
136881.0
136882.0
136883.0
136884.0
136884.0
136884.0
136885.0
136886.0
136886.0
136887.0
136887.0
136888.0
136888.0
136888.0
136889.0
136889.0
136890.0
136890.0
136891.0
136891.0
136891.0
136891.0
136892.0
136892.0
136892.0
136893.0
136893.0
136893.0
136893.0
136894.0
136894.0
136895.0
136895.0
136896.0
136897.0
136897.0
136897.0
136897.0
136898.0
136898.0
136898.0
136899.0
136900.0
136900.0
136901.0
136901.0
136901.0
136902.0
136902.0
136903.0
136904.0
136904.0
136906.0
136906.0
136906.0
136907.0
136908.0
136909.0
136910.0
136910.0
136910.0
136910.0
136914.0
136914.0
136916.0
136917.0
136919.0
136919.0
136923.0
136924.0
136924.0
136924.0
136926.0
136927.0
136934.0
136943.0
177076.0
178205.0
178235.0
178258.0
178278.0
178287.0
178315.0
178320.0
178340.0
178359.0
178370.0
178386.0
178386.0
178402.0
178403.0
178418.0
178418.0
178419.0
178422.0
178425.0
178437.0
178439.0
178445.0
178456.0
178476.0
178476.0
178640.0
178648.0
178666.0
178678.0
178682.0
178689.0
186263.0
186470.0
186595.0
186693.0
192185.0
192185.0
192190.0
195164.0
195167.0
195173.0
203607.0
211410.0
277328.0
277438.0
279645.0
280648.0
280712.0
281061.0
281142.0
763592.0
2060089.0
2094083.0
2100471.0
2100991.0
2102000.0
2102157.0
2102591.0
7348083.0
8194716.0
8194719.0
8194941.0
8194943.0
8194943.0
8194943.0
8194946.0
8194947.0
8194953.0
8194954.0
8194957.0
8194959.0
8194962.0
8194968.0
8194972.0
8194973.0
9621012.0
9621013.0
9621014.0
9621014.0
9621014.0
9621015.0
9621015.0
9621016.0
9621017.0
9621017.0
9621018.0
9621018.0
9621020.0
9621021.0
9621022.0
9621022.0
9621023.0
9621023.0
9621023.0
9621023.0
9621024.0
9621024.0
9621024.0
9621025.0
9621027.0
9621027.0
9621027.0
9621028.0
9621028.0
9621028.0
9621029.0
9621029.0
9621029.0
9621030.0
9621030.0
9621030.0
9621030.0
9621030.0
9621031.0
9621031.0
9621032.0
9621032.0
9621032.0
9621032.0
9621032.0
9621033.0
9621034.0
9621034.0
9621034.0
9621034.0
9621034.0
9621035.0
9621035.0
9621035.0
9621035.0
9621036.0
9621036.0
9621036.0
9621036.0
9621037.0
9621037.0
9621039.0
9621039.0
9621040.0
9621042.0
9621043.0
9621043.0
9621044.0
9621044.0
9621044.0
9621046.0
9621046.0
9621047.0
9621048.0
9621048.0
9621050.0
9621051.0
9621051.0
9621051.0
9621055.0
9621060.0
9621065.0
9621068.0
9623043.0
9623129.0
9623130.0
9623131.0
9623131.0
9623131.0
9623133.0
9623133.0
9623137.0
9623140.0
9623140.0
9623143.0
9623143.0
9623145.0
9623146.0
9623148.0
9623149.0
9623149.0
9623149.0
9623150.0
9623150.0
9623152.0
9623155.0
9623155.0
9623156.0
9623157.0
9623158.0
9623159.0
9623161.0
9623162.0
9623163.0
9623164.0
9623166.0
9623167.0
9623169.0
9623175.0
9623198.0
14618213.0
14618370.0
14618421.0
14618457.0
14618462.0
14618476.0
14618608.0
