6802
18536
18606
18619
18612
18619
18608
18604
9150
19400
18596
9149
18603
19414
19409
19398
6785
6932
19411
18616
18625
18598
18607
18623
19402
18594
18610
9146
19405
18599
19376
18602
19411
18620
9138
19406
18623
19418
18603
18626
19421
18601
86580
18609
18609
86586
86586
86596
86590
86631
86497
18576
18490
8882
86501
86494
86480
86540
85634
86506
86668
86660
86671
86667
86680
86706
86668
104319
104270
103646
103604
103571
103581
103605
103571
103621
103604
103591
103505
102699
103473
103490
103483
103487
103535
103205
103214
103216
103266
103245
85976
103601
103596
86590
104295
104418
104401
104405
104441
104440
23624
23811
27407
27408
6937
6940
6939
7348083
8194957
8194943
8194973
8194972
103975
103748
103975
104000
103988
103995
103987
103986
103989
104015
103981
103987
103994
103978
103979
104007
8194719
103968
104001
8194716
8194941
8194947
8194943
8194954
6925
103991
51467
8194943
8194946
51450
51459
51464
6935
51475
51456
51505
51484
192185
192185
192190
51446
195173
51478
51470
195164
23791
51487
195167
51450
51493
51488
67384
178258
67751
51467
51464
51493
6951
51464
67765
178205
67761
178287
67757
51456
51506
51496
51503
177076
178315
51475
178320
178386
178340
51478
51507
51477
51463
178278
178386
51467
178678
178682
178689
178425
178640
178648
51466
51644
51652
51679
51667
51641
51655
51667
67743
51676
51640
51625
51653
178476
51657
51657
51668
178476
26576
8194968
8194959
8194962
8194953
51631
51627
51637
51649
51667
51612
51643
51642
51634
51630
51664
51628
51650
51642
178437
51635
51652
51636
51615
51632
51636
51651
51621
51653
51635
51653
51650
51648
51648
51643
51647
178445
51643
51651
51643
51652
51643
51648
67771
67771
51645
51651
51652
51657
178235
51660
51655
178359
178370
178419
178456
178422
51643
51663
51632
51634
51647
51655
51681
51649
51645
51665
51652
51653
51632
51638
51631
178418
51643
51642
51650
51668
51651
178439
178403
51662
51652
51643
51646
51645
51645
51637
51659
51639
51633
51615
51642
51640
51656
51656
51649
51650
51648
51644
51651
51631
51629
51678
51618
51635
51628
51647
178666
51640
51637
51580
51584
178402
51632
51648
51640
51643
51638
51624
51656
51652
51654
51660
51650
51647
51655
51630
51640
51634
51629
51673
178418
51644
51683
51651
51685
51628
51671
51656
51675
95406
2060089
277438
136110
14618213
2094083
97221
2100991
2102591
2100471
98625
277328
136135
123836
26944
26961
2102000
281142
27050
27083
281061
136220
135543
136169
136214
14618421
280648
51642
51643
51637
14618476
51645
14618457
51645
27110
280712
27110
14618462
14618370
136159
27086
98819
51643
51631
136161
279645
98769
99005
136352
136336
136337
136859
2102157
136844
136327
136339
51469
51648
136842
136871
136887
136893
136873
98978
136857
136856
136850
136889
136839
136876
136883
51637
51641
51648
51654
136865
136002
135995
136865
136848
51664
136819
136843
98800
136839
136838
136770
136820
136802
136926
136794
136789
136882
136910
136910
136943
136900
136924
136919
136914
136906
51661
136924
136898
136898
51641
29326
9621042
9621032
9621032
9621046
9621036
9621023
9621028
9621048
9621051
9621051
14618608
9621029
9621030
9621027
9621013
9621024
9621031
9621020
9621051
9621060
9621035
136934
136916
136910
136917
136904
136901
136894
136879
136878
136877
136872
136897
51632
136880
136887
136888
136879
136893
136885
136893
136888
136892
136879
136886
136910
136909
136902
136899
136903
136923
136906
51646
136893
136895
136914
136892
136891
136901
136907
29489
9621036
9621068
9621065
9621023
9621055
9621039
9621037
9621044
9621018
9621044
9621050
9621031
9621025
9621048
9621022
9621036
9621028
9621036
9621032
9621037
9621012
9621018
9621017
9621023
9621017
9621034
9621030
9621040
9621039
136924
136886
136896
136876
136875
136900
136898
136895
136891
136891
136878
136879
136891
136875
136857
136897
136875
136876
136879
136874
136878
136877
136866
136873
136863
136866
136862
136880
51632
136863
136855
136870
136902
136873
136904
136919
136865
136877
136862
136865
136875
136892
136876
136897
136861
136868
136884
51633
136894
136881
136906
136869
136879
136869
136865
51629
9621030
9621034
9621044
9621047
9621028
9621035
9621021
9621035
9621022
9621029
9621029
9621043
9621032
9621043
9621015
9621015
9621034
9621030
9621046
9621035
9621030
9621027
9621024
51651
136884
136868
9621014
136871
136890
9621032
136901
9621033
136884
136908
136890
9621014
136873
9621023
9621034
136877
9621024
136864
136897
9621034
136880
136880
9621014
136856
136889
136927
136876
136855
136873
136888
136860
136868
136871
51628
51628
9621027
136876
136875
9621016
136864
51633
134780
9623162
51646
134782
134769
51637
186693
90203
211410
763592
90191
51642
51632
51660
51646
51671
51652
9623149
51647
51657
9623163
51638
9623161
134750
9623146
134770
134778
134761
134750
134752
134760
134766
134772
134759
134782
29482
134800
134764
134771
134793
134762
134779
51645
51642
134761
134759
134746
134737
134751
134760
134776
90161
90161
51618
186263
134778
134774
134786
134787
134776
134775
134763
134767
134762
134830
9623175
9623164
9623130
9623148
9623155
9623143
9623159
9623155
9623131
9623133
9623131
9623149
134765
134765
134768
134767
134796
134796
134792
134783
134785
134769
134771
134771
134785
134786
134767
134791
9623156
51645
51641
51633
186470
9623043
51642
51621
51649
51628
51635
9623152
51648
51623
51654
51458
134799
134816
9623129
51646
51642
134794
134802
134807
134805
134823
134838
134782
134812
51632
134811
51641
9623149
134806
9623169
134799
134839
51668
51670
51669
9623158
51660
51648
51651
9623166
51644
9623143
9623198
134804
9623133
9623145
134785
134790
9623140
134783
9623131
134807
134782
134809
51634
9623157
134784
134824
134829
134795
134782
134769
51649
134813
51624
51639
9623150
134792
51629
134805
51646
9623167
134794
134787
134798
51651
9623150
134805
9623137
134779
186595
203607
134813
134429
134809
9623140
134641
134787
134823
