672
672
4592
4592
4704
4704
4704
4704
4704
4704
4704
6272
6272
6272
6272
6272
6496
6496
6496
6496
6496
6496
6496
6496
6496
6496
6496
6496
6496
6496
6496
6496
6496
12768
12768
12768
12768
12768
12768
12768
12768
12768
12768
12768
12768
12768
12768
12768
12768
12768
12768
12768
12768
12768
12768
12768
12768
12768
12768
12768
13328
13328
13328
13328
13328
13328
13328
13328
13328
13328
13328
13328
16464
16464
16464
16688
16688
16688
16688
16688
16688
16688
16688
16688
16688
16688
16688
16688
16688
16688
16688
16688
16688
16688
16688
16688
16688
16688
16688
16688
16688
16688
16688
16688
16688
16688
16688
16688
16688
16688
16688
16688
16688
16688
16688
16688
16688
16688
16688
16688
16688
16688
16688
16688
16688
16688
16688
16688
16688
16688
16688
16688
16688
16688
16688
16688
16688
16688
16688
16688
16688
16688
16688
16688
16688
16688
16688
16688
16688
16688
16688
16688
16688
16688
16688
16688
16688
16688
18144
18144
18144
18144
18144
18144
18144
18144
18144
18144
18144
18144
18144
18144
18144
18144
18144
18144
18144
18144
18144
18144
18144
18144
18144
18144
18144
18144
18144
18144
18144
18144
18144
18144
18144
18144
18144
18816
18816
18816
18816
18816
18816
18816
18816
20608
20608
20608
30352
30352
30352
30352
30352
30352
30352
30352
30352
30352
30352
30352
30352
30352
30352
30352
30352
30352
30352
30352
30352
30352
30352
30352
30352
30352
30352
30352
30352
30352
30352
30352
30464
30464
30464
30464
30464
30464
30464
30464
30464
30464
30464
30464
30464
30464
30464
30464
30464
30464
30464
30464
30464
30464
30464
30464
30464
30464
30464
30464
30464
30464
30464
30464
30464
30464
30464
30464
30464
30464
30464
30464
30464
30464
30464
30464
30464
30464
30464
30464
30464
30464
30464
30464
30464
30464
30464
30464
30464
30464
30464
30464
30464
30464
30464
30464
30464
30464
30464
30464
30464
30464
30464
30464
30464
30464
30464
30464
30464
30464
30464
30464
30464
30464
30464
30464
30464
30464
30464
30464
30464
30464
30464
30464
30464
30464
30464
30464
30464
30464
30464
30464
30464
30464
30464
30464
30464
30464
30464
30464
30464
30464
30464
30464
30464
30464
30464
30464
30464
30464
30464
30464
30464
30464
30464
30464
30464
30464
30464
30464
30464
30464
30464
30464
30464
30464
30464
30464
30464
30464
30464
30464
30464
30464
30464
30464
30464
30464
30464
30464
30464
30464
30464
30464
30464
30464
30464
30464
30464
30464
30464
30464
30464
30464
30464
30464
30464
30464
30464
30464
30464
30464
30464
30464
30464
30464
30464
30464
30464
30464
30464
30464
30464
30464
30464
30464
30464
30464
30464
30464
30464
30464
30464
30464
30464
30464
30464
30464
30464
30464
30464
30464
46704
46704
46704
46704
46704
46704
46704
46704
54992
54992
54992
54992
54992
54992
54992
54992
54992
54992
54992
54992
54992
54992
54992
54992
54992
54992
54992
54992
54992
54992
61824
61824
61824
61824
66640
66640
66640
66640
66640
66640
66640
66640
66640
66640
66640
66640
66640
66640
66640
66640
66640
66640
66640
66640
66640
66640
66640
66640
66640
66640
66640
66640
66640
66640
66640
66640
66640
66640
66640
66640
66640
66640
66640
66640
66640
66640
66640
66640
66640
66640
66640
66640
66640
66640
67872
67872
67872
67872
67872
67872
67872
67872
86576
90608
90608
90608
90608
90608
90608
90608
90608
90608
90608
90608
90608
90608
90608
90608
90608
90608
90608
90608
90608
90608
90608
90608
90608
90608
90608
90608
90608
90608
90608
90608
90608
90608
90608
90608
90608
90608
90608
90608
90608
90608
90608
90608
90608
90608
90608
90608
90608
90608
90608
90608
90608
90608
90608
90608
90608
90608
90608
90608
90608
90608
90608
90608
90608
90608
90608
90608
90608
90608
90608
90608
90608
90608
90608
90608
90608
90608
90608
90608
90608
90608
90608
90608
90608
90608
90608
90608
90608
90608
90608
90608
90608
90608
90608
91728
91728
91728
91728
91728
91728
91728
91728
91728
91728
91728
91728
91728
92064
92064
92064
92064
92064
92064
92064
92064
92064
92064
92064
92064
92064
92064
92064
92064
92064
92064
92064
92064
92064
92064
92064
92064
92064
92064
92064
92064
92064
92064
92064
92064
92064
92064
92064
92064
92064
92064
92064
92064
92064
92064
92064
92064
92064
92064
92064
92064
92064
92064
92064
92064
92064
92064
92064
92064
92064
92064
92064
92064
92064
92064
92064
92064
92064
92064
92064
92064
92064
92064
92064
92064
92064
92064
92064
92064
92064
92064
92064
92064
92064
92064
92064
92064
92064
92064
92064
92064
92064
92064
92064
92064
92064
92064
92064
92064
92064
92064
92064
92064
92064
92064
92064
92064
92064
92064
92064
92064
92064
92064
92064
92064
92064
92064
92064
92064
92064
92064
92064
92064
92064
92064
92064
92064
92064
92064
92064
92064
92064
92064
92064
92064
92064
92064
92064
92064
92064
92064
92064
92064
92064
92064
92064
92064
92064
92064
92064
92064
92064
92064
92064
92064
92064
92064
92064
92064
92064
92064
94864
94864
94864
94864
94864
94864
94864
120960
120960
120960
120960
120960
120960
120960
120960
120960
120960
120960
120960
120960
120960
120960
120960
120960
120960
120960
120960
120960
120960
120960
120960
120960
120960
120960
120960
120960
120960
120960
120960
123648
123648
123648
123648
133056
133056
133056
133056
133056
133056
135744
144256
191296
191296
191296
191296
191296
191296
191296
515200
1425312
1425312
1425312
1425312
1425312
1425312
1425312
